   |    
   |--- initial_set
   |       |    
   |       |-- a : [0 0 0 0 0 0 0 0]
   |       |       -----------------
   |       |-- Q : |1|0|0|0|0|0|0|0|
   |       |       |0|1|0|0|0|0|0|0|
   |       |       |0|0|1|0|0|0|0|0|
   |       |       |0|0|0|1|0|0|0|0|
   |       |       |0|0|0|0|1|0|0|0|
   |       |       |0|0|0|0|0|1|0|0|
   |       |       |0|0|0|0|0|0|1|0|
   |       |       |0|0|0|0|0|0|0|1|
   |       |       -----------------
   |       O
   |    
   |--- control_restriction
   |       |    
   |       |       -------------------------------------------------------------------------------------------------
   |       |-- Q : |0.000000001|0          |0          |0          |0          |0          |0          |0          |
   |       |       |0          |0.000000001|0          |0          |0          |0          |0          |0          |
   |       |       |0          |0          |0.000000001|0          |0          |0          |0          |0          |
   |       |       |0          |0          |0          |0.000000001|0          |0          |0          |0          |
   |       |       |0          |0          |0          |0          |1          |0          |0          |0          |
   |       |       |0          |0          |0          |0          |0          |1          |0          |0          |
   |       |       |0          |0          |0          |0          |0          |0          |1          |0          |
   |       |       |0          |0          |0          |0          |0          |0          |0          |1          |
   |       |       -------------------------------------------------------------------------------------------------
   |       |       ------------
   |       |-- a : |0         |
   |       |       |0         |
   |       |       |0         |
   |       |       |0         |
   |       |       |2*cos(2*t)|
   |       |       |0         |
   |       |       |2*sin(2*t)|
   |       |       |0         |
   |       |       ------------
   |       O
   |    
   |--- time_interval
   |       |    
   |       |-- t0 : 0
   |       |-- t1 : 6
   |       O
   |    
   |--- disturbance_restriction
   |       |    
   |       |       -----------------
   |       |-- Q : |1|0|0|0|0|0|0|0|
   |       |       |0|1|0|0|0|0|0|0|
   |       |       |0|0|1|0|0|0|0|0|
   |       |       |0|0|0|1|0|0|0|0|
   |       |       |0|0|0|0|1|0|0|0|
   |       |       |0|0|0|0|0|1|0|0|
   |       |       |0|0|0|0|0|0|1|0|
   |       |       |0|0|0|0|0|0|0|1|
   |       |       -----------------
   |       |       ---
   |       |-- a : |0|
   |       |       |0|
   |       |       |0|
   |       |       |0|
   |       |       |0|
   |       |       |0|
   |       |       |0|
   |       |       |0|
   |       |       ---
   |       O
   |    
   |-------------- description : ' '
   |---------------------- dim : 8
   |                             ---------------------------------------------------------
   |----------------------- At : |0     |0     |0     |0     |1     |0     |0     |0     |
   |                             |0     |0     |0     |0     |0     |1     |0     |0     |
   |                             |0     |0     |0     |0     |0     |0     |1     |0     |
   |                             |0     |0     |0     |0     |0     |0     |0     |1     |
   |                             |-2.833|0.166 |0     |0.333 |-1    |0     |0     |0     |
   |                             |0.166 |-2.033|0     |-0.066|0     |-1.5  |0     |-0.5  |
   |                             |0     |0     |-1    |0     |0     |0     |-2    |0     |
   |                             |0.333 |-0.066|0     |-2.133|0     |-0.5  |0     |-1.5  |
   |                             ---------------------------------------------------------
   |                             -----------------
   |----------------------- Bt : |1|0|0|0|0|0|0|0|
   |                             |0|1|0|0|0|0|0|0|
   |                             |0|0|1|0|0|0|0|0|
   |                             |0|0|0|1|0|0|0|0|
   |                             |0|0|0|0|1|0|0|0|
   |                             |0|0|0|0|0|1|0|0|
   |                             |0|0|0|0|0|0|1|0|
   |                             |0|0|0|0|0|0|0|1|
   |                             -----------------
   |                             -----------------
   |----------------------- Ct : |0|0|0|0|0|0|0|0|
   |                             |0|0|0|0|0|0|0|0|
   |                             |0|0|0|0|0|0|0|0|
   |                             |0|0|0|0|0|0|0|0|
   |                             |0|0|0|0|0|0|0|0|
   |                             |0|0|0|0|0|0|0|0|
   |                             |0|0|0|0|0|0|0|0|
   |                             |0|0|0|0|0|0|0|0|
   |                             -----------------
