   |    
   |--- initial_set
   |       |    
   |       |-- a : [0 0 0 0 0 0 0 0]
   |       |       -----------------
   |       |-- Q : |1|0|0|0|0|0|0|0|
   |       |       |0|1|0|0|0|0|0|0|
   |       |       |0|0|1|0|0|0|0|0|
   |       |       |0|0|0|1|0|0|0|0|
   |       |       |0|0|0|0|1|0|0|0|
   |       |       |0|0|0|0|0|1|0|0|
   |       |       |0|0|0|0|0|0|1|0|
   |       |       |0|0|0|0|0|0|0|1|
   |       |       -----------------
   |       O
   |    
   |--- control_restriction
   |       |    
   |       |       ---------------------------------
   |       |-- Q : |0.6|0  |0  |0  |0  |0  |0  |0  |
   |       |       |0  |0.6|0  |0  |0  |0  |0  |0  |
   |       |       |0  |0  |0.6|0  |0  |0  |0  |0  |
   |       |       |0  |0  |0  |0.6|0  |0  |0  |0  |
   |       |       |0  |0  |0  |0  |0.3|0  |0  |0  |
   |       |       |0  |0  |0  |0  |0  |0.3|0  |0  |
   |       |       |0  |0  |0  |0  |0  |0  |0.3|0  |
   |       |       |0  |0  |0  |0  |0  |0  |0  |0.3|
   |       |       ---------------------------------
   |       |       --------------
   |       |-- a : |2*sin(2*t)  |
   |       |       |0.2*cos(3*t)|
   |       |       |0           |
   |       |       |0           |
   |       |       |2*cos(2*t)  |
   |       |       |0.2*sin(3*t)|
   |       |       |0           |
   |       |       |0           |
   |       |       --------------
   |       O
   |    
   |--- time_interval
   |       |    
   |       |-- t0 : 0
   |       |-- t1 : 6
   |       O
   |    
   |--- disturbance_restriction
   |       |    
   |       |       -----------------
   |       |-- Q : |1|0|0|0|0|0|0|0|
   |       |       |0|1|0|0|0|0|0|0|
   |       |       |0|0|1|0|0|0|0|0|
   |       |       |0|0|0|1|0|0|0|0|
   |       |       |0|0|0|0|1|0|0|0|
   |       |       |0|0|0|0|0|1|0|0|
   |       |       |0|0|0|0|0|0|1|0|
   |       |       |0|0|0|0|0|0|0|1|
   |       |       -----------------
   |       |       ---
   |       |-- a : |0|
   |       |       |0|
   |       |       |0|
   |       |       |0|
   |       |       |0|
   |       |       |0|
   |       |       |0|
   |       |       |0|
   |       |       ---
   |       O
   |    
   |-------------- description : ' '
   |---------------------- dim : 8
   |                             -------------------------
   |----------------------- At : |0 |1 |0 |0 |0 |0 |0 |0 |
   |                             |-1|0 |0 |0 |0 |0 |0 |0 |
   |                             |0 |0 |0 |1 |0 |0 |0 |0 |
   |                             |-1|0 |-9|0 |0 |0 |0 |0 |
   |                             |0 |0 |0 |0 |0 |1 |0 |0 |
   |                             |0 |0 |-1|0 |-3|0 |0 |0 |
   |                             |0 |0 |0 |0 |0 |0 |0 |1 |
   |                             |0 |0 |0 |0 |-1|0 |-2|0 |
   |                             -------------------------
   |                             -----------------
   |----------------------- Bt : |1|0|0|0|0|0|0|0|
   |                             |0|1|0|0|0|0|0|0|
   |                             |0|0|1|0|0|0|0|0|
   |                             |0|0|0|1|0|0|0|0|
   |                             |0|0|0|0|1|0|0|0|
   |                             |0|0|0|0|0|1|0|0|
   |                             |0|0|0|0|0|0|1|0|
   |                             |0|0|0|0|0|0|0|1|
   |                             -----------------
   |                             ---------------------------------
   |----------------------- Ct : |0.1|0  |0  |0  |0  |0  |0  |0  |
   |                             |0  |0.1|0  |0  |0  |0  |0  |0  |
   |                             |0  |0  |0.1|0  |0  |0  |0  |0  |
   |                             |0  |0  |0  |0.1|0  |0  |0  |0  |
   |                             |0  |0  |0  |0  |0.1|0  |0  |0  |
   |                             |0  |0  |0  |0  |0  |0.1|0  |0  |
   |                             |0  |0  |0  |0  |0  |0  |0.1|0  |
   |                             |0  |0  |0  |0  |0  |0  |0  |0.1|
   |                             ---------------------------------
